date: 2024-04-24 2024-04-25 2024-04-26 2024-04-27 2024-04-29 2024-04-30 
weather_code: 61.0 55.0 630 
temperature_max: 54.9464 52.6064 61.9664 52.2464 30 48.4664 30
temperature_min: 44.2364 47.1164 48.6464 47.9264 40.0064 30 
precipitation_sum: 0.22440945 0.1456693 0.2952756 30 
wind_speed_max: 9.309791 10.116089 8.249648 10.711936 7.4495792 30 
precipitation_probability_max: 45.0 100.0 100.0 100.0 100.0 30 
